0223
0004
0651
0019
0752
0511
0902
0618
0947
0542
0864
1179
0681
0671
0749
1125
1133
0013
0260
1191
0968
0946
0588
1097
0355
0340
0389
0201
0336
1153
0856
0022
0607
0712
0114
0379
0455
0232
1044
0830
0535
0880
0094
0047
0498
0111
0703
0052
1103
0627
0625
0709
0717
0867
1061
0298
0060
1001
0011
0893
0244
1074
0777
0951
0870
0186
0259
1224
0766
0818
0664
0118
0057
0811
0169
0573
1235
0574
0612
0078
0307
0816
0729
1228
0965
1217
1127
0605
0443
0102
0063
0415
0847
0362
1003
0558
1078
0257
0456
0116
0907
0629
0312
1060
1047
1025
1045
0446
0158
0882
0428
1112
0247
0914
0889
0702
0610
0358
0068
0613
0392
0058
1099
0843
1222
0502
1040
0802
0049
1239
1129
0265
0824
1002
1021
0778
1123
0113
1142
1100
0133
0010
1009
0180
1154
0297
0417
0468
0512
0599
0603
0803
0325
0084
1018
0026
0868
0042
0302
0139
1070
0878
0964
0165
1144
0646
0348
1145
0944
0799
0850
0411
0126
0992
0619
0413
0211
0487
0810
0909
1004
0401
0665
0927
0170
0357
1151
0963
1148
0354
0038
0179
1138
1197
0485
0213
0839
1114
0506
0815
0747
0633
0491
0156
0663
0414
1041
0694
0933
0844
0066
0081
0367
0333
1086
0127
0028
1140
0242
0427
0332
0854
1055
0352
0328
0110
0886
0849
0445
0439
0763
1027
0381
0772
0891
0217
0486
0530
1096
1168
0138
0637
0755
0006
0096
1062
0737
0101
0551
0684
1023
0496
0819
0475
0548
0725
0334
0339
1161
0378
0526
1084
0519
0268
0045
0636
0164
0975
0290
1199
0724
0950
0104
1137
0216
0505
0915
0284
0295
0624
0483
0423
1038
0971
0795
0716
1019
0898
0611
0516
0922
0236
0567
0148
0988
0222
0809
0218
0053
0106
0120
0438
0645
0841
0035
0175
0469
0714
0869
0545
0800
0393
0789
1192
0845
0853
0464
0238
0525
0441
0070
0580
0306
0283
0243
0649
1089
0121
1015
0200
0822
0892
0984
0124
0787
0884
0308
0062
0539
0910
1143
0228
0477
0584
1205
0064
0448
0796
0980
0570
0119
0657
0245
0370
0174
0376
0349
1211
1090
0536
0195
0351
0258
0150
1104
0501
0600
0287
0315
0954
0327
0263
0016
0008
0862
0999
0852
0207
0249
0996
0197
0067
0562
1006
0205
0212
0188
0937
0479
0007
0641
1186
0344
0566
0320
0521
0039
0905
1183
0821
1177
0925
0728
0412
1111
0577
0048
0301
0449
0499
0876
0524
0145
0531
0707
0337
0742
1094
0017
1065
0374
0932
0989
0666
0076
0323
0653
1229
0473
0105
0924
0489
0901
1173
0793
0738
1132
0899
0206
0745
0079
1056
0735
0871
0107
0465
0040
1141
0255
0507
1101
0956
0253
0680
0231
0132
0387
0209
0204
0369
0764
0215
1046
1102
0960
0318
0675
0997
0474
0436
1059
1230
0936
0674
0560
0093
0695
0018
0765
0074
0083
0504
0732
1124
0630
0722
0865
0285
0945
0983
0055
1077
0700
0400
0463
1157
0343
0582
0410
0826
0311
1170
0275
0183
0658
0626
0740
0425
1126
0652
0267
0792
0109
0705
0779
0860
1093
0955
0420
0672
0549
0912
1158
1227
1162
0371
0903
0356
0391
0329
0099
0976
0444
0667
1028
0859
0783
0546
0930
0746
0462
0616
0791
0146
1081
0014
0187
1212
0690
0194
1209
0097
0416
0135
0995
0866
0693
1131
0805
0153
1033
0952
0691
0041
0721
0163
0509
1147
0602
0589
0230
0239
0071
0555
1048
0754
0998
0326
0234
0437
0254
0440
1109
0556
0585
0639
1167
0659
1016
0739
0173
0032
0399
0226
0676
0395
1063
0890
0190
0873
0660
0806
0906
0941
1194
0061
0774
0781
0697
0718
0117
1069
1064
0034
1031
1085
0736
1067
0894
0168
0797
0753
0523
1057
1221
0282
0316
0281
0699
0977
0072
0643
0926
0450
0842
0021
1076
1206
0128
0604
0827
0225
0398
0184
0720
0144
0431
0467
1032
0478
0911
0978
0620
0923
0973
1011
0517
0442
1117
0537
1095
0262
1122
0103
1083
0767
0429
0363
0520
1049
0406
0872
0785
1165
1232
0029
0957
0421
1152
1010
1189
0575
1214
0372
0000
0776
0288
0677
0760
0424
1079
0938
0382
0472
0958
0292
0402
0875
0913
0471
1149
0492
0668
0780
0730
0219
0565
0829
1066
0397
0005
0085
0023
1196
1105
1053
0881
0692
0065
0433
0192
1180
1204
0330
0592
0221
0321
0761
0908
0214
0143
0123
0408
0059
1176
0375
0237
0656
0368
0857
1107
0578
1215
0916
1035
1110
0269
0208
0256
1139
0385
1172
0719
0897
1005
0160
1115
0233
0252
0240
0606
1120
0974
0277
0751
0836
0003
0310
0046
0673
0895
0689
0304
0087
1030
1039
0125
0547
0638
1054
0112
1182
0373
0832
0092
0812
0770
0366
0390
0250
0851
0661
0596
0874
1128
0159
0733
1106
0001
0987
0961
1092
0762
0918
0182
0655
0581
1201
1166
0069
0534
0514
0009
0904
1087
1150
0024
0621
0350
0077
0403
0162
0710
0199
0617
0688
1071
0594
0278
0698
0129
1068
0543
0557
0470
0276
1178
0335
0727
1213
1220
0273
1156
0540
1022
0571
0768
0704
0095
0820
0189
0459
0888
1051
0642
0495
0080
0002
0167
0322
0309
0846
0921
0353
0432
0027
0294
0928
0701
0991
0279
0786
0597
0837
0435
0586
1080
0813
0430
0380
0490
0814
1233
1014
1091
0948
0595
0644
1200
0942
0176
0404
0493
0347
0943
1164
1043
1190
0635
0270
