2190
1742
2454
1958
1821
1279
1510
1517
2129
1389
1779
2335
1970
1939
1924
2135
2145
1290
1377
1505
2465
1793
2254
1262
1627
1354
1941
1648
1407
1914
1839
2211
2045
2128
1347
1715
1507
2285
1773
1653
1896
2468
2416
2358
2059
1669
1775
1747
2306
1723
2417
1883
2476
1831
1403
1283
2478
2032
1847
1270
1967
2430
1469
2472
1683
1604
1533
1426
1741
2384
1756
1348
1799
1409
2015
2062
2077
1668
2195
1693
1618
2298
1952
2420
2220
1682
2222
2408
2168
1632
1345
1455
1291
2326
1480
1330
2379
1551
1844
1645
2159
1643
2289
1343
1978
2243
1594
1822
1984
1484
1287
1795
1541
2318
1931
1642
2409
2360
1689
1324
1848
1930
1340
2102
1776
1825
2047
1556
1900
2108
1428
2432
1322
1617
1917
2316
2029
1966
2089
1815
1559
2151
1705
2012
2241
2117
1391
2362
2283
1452
1503
1998
2111
2438
1582
1829
2224
1584
1894
1554
1675
2292
2027
2310
2376
2393
1731
1394
2173
1293
2366
1768
2023
1276
1580
2034
1751
2287
1834
1425
1665
1612
2387
1558
1498
2470
1640
2319
1953
1956
1536
2070
2008
1350
1557
2237
1891
1572
2235
2075
2177
2019
2033
2187
1976
1595
2418
2431
2132
1335
1300
1616
1579
2125
2453
2295
1359
1430
1501
1724
1637
1607
1989
1318
1454
1362
1770
1526
1827
1698
1600
1515
1608
1980
1420
2377
1334
1410
1905
1621
2233
1907
1339
1545
1733
2036
1435
2263
1296
1877
1413
1990
2412
1320
1356
2330
1757
1788
2257
1329
2359
2474
1467
2166
2273
1422
1313
2137
2357
1560
1250
2414
1804
1636
2005
1583
1855
1818
2389
2404
1481
1764
1561
2004
1889
1932
1850
1947
2398
1730
1363
1870
2148
2270
1349
2265
1816
2249
2466
1809
2390
1243
2183
1242
1382
1697
2374
1857
2280
1573
2212
1544
2284
1663
2208
2157
1774
1575
2009
1385
2178
1790
1493
2205
2040
1739
1787
2056
1284
2440
1835
1550
2251
2293
2297
1656
2242
2104
1259
1483
1700
1365
2400
2097
1542
1344
2311
1807
1887
1351
1806
2064
1506
2355
2422
1444
2244
1783
1613
1427
2154
1622
2344
1735
1268
1255
1611
1520
2345
2179
1927
1763
2119
2276
2274
1709
2322
1459
1376
1487
2185
1451
1732
2162
1587
1946
2324
1859
1370
1638
1286
1519
2446
1269
2268
1940
1899
1274
1405
1593
1460
2423
2093
2441
2266
2200
1771
2231
2426
1690
1664
2083
2269
2172
1509
1449
1974
2226
1728
1991
2196
2421
1906
2073
2188
1256
1772
1921
2386
2252
1817
1745
2290
1846
1969
1720
2130
1433
1453
2349
1443
1569
1893
1319
2410
1843
2336
1372
1500
1316
1823
2088
1934
1913
2391
2351
2338
1566
1516
1568
1701
1602
2372
1922
1475
2197
1803
1873
2068
2443
2180
1971
2013
2146
2110
1304
2451
2167
1625
1866
1310
2240
1794
1417
2223
1962
2428
1254
2215
2165
1852
1919
1875
2071
1479
2382
2462
1478
2094
2133
1824
1371
2279
1525
1767
2294
2044
2238
2120
2076
1312
1973
1424
1830
1532
2085
2457
1677
1814
2394
1553
1438
1796
2250
2455
2016
1508
2445
1639
2210
1591
1749
2413
2065
1853
1999
1398
1633
1251
1605
1257
1280
1364
1784
2035
2337
2186
1623
1321
2288
2396
1838
2109
2375
2096
1710
1411
2181
2369
1305
1845
1429
1854
1543
1746
1975
2152
1926
2116
1570
1471
1840
1418
1386
1589
1504
1265
2447
2307
1540
1729
2261
1489
1880
1957
1592
1445
2121
1476
1942
2052
1482
1959
2061
2217
2139
1528
1465
2271
1782
1943
1294
1341
1654
1750
1658
1306
1944
1955
2176
2140
1548
2282
1264
1685
2201
1649
2066
1805
1777
1375
1281
2477
1332
2114
1301
1564
2225
2473
2001
1315
2234
2304
2014
1954
1477
1911
1314
1868
1529
1390
1249
2339
2021
2158
1670
1381
1915
2081
1945
1241
1646
1691
1397
1901
1676
1395
1400
1832
2461
2067
2216
1431
2054
1446
1614
1801
1491
1737
1353
2182
1871
2467
1299
1694
2106
2406
2170
2048
1964
2255
2218
1275
1406
2434
2401
1490
2342
1666
1367
2053
1258
1404
1718
2138
2286
2219
1681
1248
1882
1574
1585
1972
2452
1468
2160
1311
2037
2343
1981
1402
2239
1688
2365
2184
2299
1881
1590
2264
1678
2320
1588
2314
1547
1302
1950
2169
1619
2323
1563
1713
1245
1778
2080
1993
1512
1903
1992
1336
2161
1644
2155
1499
1571
1253
1247
1461
1282
1826
1388
1762
1721
2051
1708
1885
1416
2368
2475
1328
2122
1355
1626
1408
2332
2411
2213
1692
2437
1890
2049
2198
1766
1928
2204
2046
1897
2232
1933
1960
1436
2340
1263
1996
1631
1361
2024
2262
1740
1546
1810
1297
1603
1659
1387
1392
1736
2399
1909
2383
2149
2202
1289
1699
1961
1811
2303
1252
2275
2039
1753
1908
1502
2227
1819
1652
2100
1266
1849
1702
1862
2043
1841
1925
2191
1432
2030
1565
2118
2333
1863
1357
1755
2444
1671
2388
2419
2312
1434
1712
2392
2079
1419
2277
2042
1920
2136
2192
1437
2142
2078
1836
2442
2407
1938
1439
1260
2025
1867
2327
2356
2011
1338
2260
2103
2193
2291
1983
1369
2334
1743
1552
2017
2028
1577
1785
2325
2258
1576
1267
2361
2353
1918
2469
2402
1511
2367
2074
2026
1567
1876
2002
1813
1586
2221
1393
1352
1497
1272
1994
2439
