2784
3058
2688
3263
3039
2864
3418
2488
2727
2590
3033
3312
3305
3535
3713
3232
2859
2768
2569
2657
2483
3243
2653
2984
3545
2948
3176
3191
3063
3070
2496
3128
2902
2912
3665
3283
3656
3174
2577
3530
2611
2828
2722
2672
3423
2572
3717
3237
3346
3074
3605
2871
3712
2881
2571
2764
2667
3121
2803
3422
2625
3538
3207
3661
3444
3645
2994
3522
3433
3478
3390
3529
3192
2754
2660
2865
3030
2974
2760
3511
3692
3641
2885
2627
3421
2782
3602
2646
3411
2920
3183
3011
3164
3653
3141
3119
3137
3396
2930
3569
2681
3220
3240
2772
2560
3388
3159
3215
3441
2855
3149
2551
3499
3389
3627
3614
2562
3244
2966
3130
2566
3040
2926
2536
3573
2874
2887
3685
3276
2671
3395
2918
2757
3233
2620
3045
3037
3168
3632
3617
3407
3080
3325
2635
3020
2796
2840
2531
2640
3085
3649
3061
2975
3181
3449
3160
2845
3254
3408
3166
2911
2769
3465
2509
3184
3618
3630
2487
2523
2678
3014
2545
3548
3695
3350
2534
3140
3073
2689
3644
2529
3228
3262
2630
2557
2766
3447
2863
3097
2744
3480
3238
2691
3410
3110
2724
3299
3272
3197
3436
2938
2841
3201
3651
2581
2643
3481
3178
3198
2530
2771
3100
3366
3637
3326
3469
3682
3265
2517
2802
3648
2752
3106
3048
3400
3639
3412
3297
3108
3700
3347
3577
2586
3135
2832
3636
3021
3496
3068
3162
3146
3589
3065
3633
2843
3091
3381
3115
3549
3231
2707
2780
2789
3512
3359
2575
2890
3083
3024
2485
3557
2684
3365
2645
3118
3493
3652
2873
3628
2650
3508
3281
2490
2709
2636
3415
2637
3550
2875
2807
2973
2647
3163
3521
2763
3071
3453
3120
3241
2677
2694
3706
3699
2652
2906
3629
2837
2515
2842
3510
2651
3152
3514
3266
3434
2998
2785
2706
2506
2884
2824
3038
3017
2827
3708
2992
2698
3703
2714
3212
3482
2734
2990
3330
2725
2609
2717
3090
2888
3026
3319
3236
2649
3590
2619
2825
2886
2978
2598
3270
2558
3179
2713
2987
3500
2964
3340
2648
2639
3709
3456
2786
2931
3448
3132
3009
3646
3520
3093
3182
3066
3344
3497
3279
3528
3443
3445
3711
2629
2555
3010
3551
2735
3357
3148
2602
3268
3105
3640
2719
2512
2622
3544
3023
2985
2624
3440
3328
3315
3041
3256
2929
3076
3288
3667
2851
3429
3432
3425
3019
2658
3052
3147
3435
3193
3289
3679
3663
2799
3397
3109
2866
3427
2923
3474
3327
3310
2850
2576
2951
3578
2666
3487
3122
3565
3558
3414
2716
2578
3269
2519
3619
3205
3458
3169
2484
2594
3087
3660
3219
3221
2939
3568
2676
3050
3673
2893
2613
3257
3273
3217
3625
2500
3574
3295
3616
2642
3542
3161
2593
3227
2954
2776
3454
3309
2726
3341
3318
3704
2879
3566
2539
2767
3321
3280
3294
2937
2811
3603
3609
3107
2511
3485
2514
3684
2750
3077
3371
3635
3554
2499
3213
3468
2617
2584
3368
3476
2913
3442
2621
2934
2615
2779
3375
3223
2818
2679
2481
3537
3103
2909
2914
2486
2794
3277
2638
3084
2631
2862
3719
3175
2616
3271
3546
3413
2654
2504
3246
3674
3571
2927
2916
3047
3028
2756
3012
2957
3113
2829
3613
2663
2702
2919
2872
3054
2659
3507
3331
2607
2821
3155
3459
3064
3131
3505
3470
2553
2518
2953
3334
2516
3553
2570
2993
3626
3374
3489
3471
3563
3624
3253
3688
2896
3057
2704
3029
3428
3419
2979
3668
3642
3018
3216
2692
3446
3596
3533
2665
3333
2674
3116
3534
2595
3623
3399
2715
3583
2770
3126
2614
3380
2632
3698
3317
2921
3060
3002
2972
3136
2915
3570
3702
2746
2838
3196
2788
3379
3536
3615
3311
3678
2550
3672
3580
3158
3606
3405
2720
2814
3286
3348
3339
2940
2898
2547
2908
3145
3477
2980
2489
2819
2876
3681
2935
3261
2482
2852
3314
3275
3356
3004
3509
3424
3199
3582
2728
3349
3089
3081
2745
3650
2513
3666
3267
3206
3098
2712
3235
3467
2711
2700
3222
3472
3387
3278
3519
3190
2905
2947
3248
3035
2580
3313
3463
3142
3503
3450
2661
2878
2846
2737
3260
2976
3527
3523
2823
2695
2546
3504
2656
3358
3337
2697
2673
3338
2733
2950
3718
3307
3062
2599
2882
3053
3323
3082
2533
3513
3031
2535
3092
3691
2997
2986
3612
3242
2968
3245
2924
3202
3186
2963
3597
3364
2877
3581
2773
2928
2582
2549
3600
3055
2501
2989
2800
3611
3686
2781
2563
3056
3304
3670
3391
2662
2936
3025
3067
2815
3036
3129
2922
3404
3677
2858
2830
3403
2626
2497
3585
2742
3518
3343
2775
3452
3005
3292
3226
3255
2892
3377
2853
2949
3143
3099
3284
3034
3210
3000
2743
2528
3285
3620
2831
3584
3402
2633
2687
2493
3114
3526
3308
3195
3392
2854
3369
3096
3689
2736
3320
2981
2917
3576
3156
2900
3539
3298
2699
2721
3559
2765
3006
3342
3153
2592
3376
2537
3250
2664
3694
3345
3079
2705
2600
3016
2969
3203
2910
3707
3675
2495
2941
3401
2510
3123
3200
3296
3290
3007
3466
2956
3638
3293
2480
3173
3370
3291
3491
2857
3572
3001
2903
3383
3214
2690
3716
3225
3556
3117
3188
3144
3715
3251
2793
3607
3473
2809
2822
2847
2538
2479
3101
3134
3015
2751
3043
3540
3525
3697
3171
2561
2860
2805
3332
3229
2729
3027
2834
3714
3306
2891
2958
