1943
3205
3413
1862
3402
1526
0296
1513
0596
1093
3400
3423
1868
2242
3079
0010
0972
2568
0361
2808
3312
0285
0544
1381
1420
1676
0189
1044
2185
1562
3185
1171
1220
2157
2458
1589
0486
2148
1307
1311
1053
2785
2518
1998
2144
3522
3381
0472
1186
3394
0355
1982
0981
2655
1454
2981
1870
0487
0925
1133
2849
0280
3483
0784
1338
1890
3178
0895
1528
1106
1871
2574
2461
3271
3566
0514
1679
2899
0421
0662
2550
1431
3580
0575
1111
1162
1050
1154
1585
3496
1016
0983
2221
0150
2551
3666
3401
1765
2311
0235
0580
1817
2279
0674
1881
0007
0174
3126
1830
3304
1364
1472
2000
3362
3214
1916
1251
2865
1501
2079
2094
2802
3141
3477
2812
1736
2883
0705
0618
0656
2661
1056
1502
2225
0130
0319
0960
1292
2441
2437
0622
1347
0452
3584
0110
0602
1948
0246
1492
2906
2540
2913
0394
2298
0510
2049
0985
0913
1270
0321
2709
3646
1850
1245
1321
1986
2640
1140
0833
2974
1067
0963
3696
1102
1550
0381
3189
0592
1542
1961
1969
3546
2302
3068
1719
0571
3026
1239
3125
0584
1510
0112
2790
0502
0926
3077
0266
3475
3516
1057
0608
2652
2128
3632
1209
0279
1155
0645
3295
3557
3692
2772
1081
0551
1049
2020
0838
3249
3095
3162
3334
2833
0559
1700
2161
2546
1901
2841
3719
3070
2098
2787
2084
1919
0751
0451
1785
0638
0610
0892
3244
3650
0905
3357
3438
0651
0331
3376
0555
1634
3208
2345
0255
1928
3638
3137
0919
2340
2874
0226
1508
3330
1813
3572
3629
2506
0673
2272
0902
3192
1625
3228
1878
3603
0549
2322
1951
2147
0598
3436
1281
3467
2287
1494
1714
1202
0494
3615
3578
0773
2577
0470
3059
2422
1252
0719
2369
3346
2078
2642
1058
2853
1733
0538
2838
0129
1914
2261
2504
0759
1298
1146
0475
0650
0446
2184
0701
2091
0633
2151
1600
3452
0693
0827
1434
1897
3526
2955
1689
2825
0123
2956
2919
1973
2325
3127
3411
2948
3259
0990
2701
1578
1665
1662
1139
0047
1891
1717
1683
2200
0339
2051
0413
2173
2348
3275
2914
1953
1421
0268
2554
1756
1118
1537
1885
2698
1493
1022
0012
0420
3237
3705
0006
0003
1437
1384
1629
2438
3033
3105
1271
1842
0634
1289
3313
2617
1834
1811
0293
1024
0108
0997
1190
2465
2001
0169
2277
1211
1129
2594
0135
0238
3460
3212
0754
3395
2530
2086
3471
2886
1936
2931
0270
3100
0265
2387
3301
3480
1458
0749
1981
3140
3386
2257
0380
1992
0462
0574
0459
1419
1767
0594
1942
1972
1964
1633
2260
0621
2683
1530
0484
0522
0952
3617
1521
2460
0906
3069
0948
1506
0703
0443
1582
0677
3575
3015
3032
2953
1805
0031
0354
1680
0658
3550
3193
3377
1571
2620
2816
3351
1997
0172
1574
0861
2950
2576
3513
2199
3281
2893
3673
2361
0748
1939
1110
3625
1142
2969
0915
0860
0493
3525
1595
1757
1549
0916
2359
0215
3243
1788
2203
1301
3071
2562
0141
1462
0203
2293
0509
3250
3531
3380
2121
0292
2191
3290
1297
2626
2688
3529
2083
3074
3278
2412
2319
3262
2500
2721
1806
2339
2533
1085
3494
3364
2421
2538
3465
1163
2247
1849
0370
1639
3246
0670
0577
1819
1514
3135
3253
1967
0044
0795
3429
3274
2972
0269
2099
1337
1844
2489
1294
2964
0358
0747
3569
1732
0149
3473
1266
0630
3462
1138
2250
0223
3445
1042
1029
3085
1039
1761
1117
0611
3410
2679
3459
3551
1151
3120
3001
0030
0937
2966
2386
2057
2710
1938
0936
0418
2459
3195
2673
1587
1605
2295
1820
2523
0698
1418
2863
1721
1456
3408
3619
3512
1810
3297
0393
1427
0760
3161
2957
2654
0713
1267
0495
1069
2207
0793
3210
3011
1360
0343
0171
1094
2414
0325
0566
3660
2254
2034
0492
1892
3463
0854
3005
1531
0579
0988
2712
0535
2976
3706
3183
0974
0806
1196
0015
0982
0816
3457
3139
1002
2760
2851
0402
3514
0940
2973
2960
1576
2800
2892
0617
2223
0067
0632
1840
1064
2324
0063
3679
2836
0891
2949
1539
1413
3672
2146
3664
0631
2616
1723
3277
3523
0572
2743
1076
3289
0173
0595
0729
2624
0612
2158
2555
3279
3393
2111
1012
0706
0160
1174
0102
2196
2294
1794
3482
2389
2014
3238
3667
0097
0930
1167
2847
0106
2842
1222
2687
0756
2630
1225
3590
1772
1457
2251
1247
3254
2378
0614
0932
1131
1968
3573
3631
2992
0287
3150
1258
1185
1737
3562
0867
0025
3190
1132
1123
0710
0136
2228
3220
3159
2256
2599
0465
2052
2669
3405
2384
2872
2102
3598
0183
0557
0507
3439
2985
0438
0649
0078
1935
1378
2697
1955
0907
0118
1353
0131
1684
0979
1377
3426
2940
1742
0928
3292
0588
0052
2105
2397
0386
2715
2150
2005
0798
1404
1758
3012
1929
2637
1260
2811
1917
2480
3375
3489
1540
2791
0018
1063
3428
0461
0834
2737
2821
2665
0049
2815
2313
2724
2625
0847
3412
0989
1213
1533
0024
0536
3559
2346
1109
1729
1655
0766
0799
0348
3605
1837
1090
0880
2848
3090
3461
3450
3610
0272
2779
0119
2570
0844
2239
0607
3145
1242
0327
3216
3396
2804
1195
0070
3554
3539
1869
2586
2303
1293
3370
3194
0824
3112
0241
2503
2116
3261
0211
2455
3035
1261
3613
0842
1607
1561
0379
0942
3291
0503
0337
3576
1461
0122
3703
3486
2235
0918
3470
2494
0893
1704
1357
1276
0392
1036
1409
1664
1485
0281
3595
3519
3158
2415
0531
0716
2817
3447
0352
3534
1987
0785
3098
2485
0820
0093
1013
3524
1553
2986
2792
0020
0846
2990
1406
0992
1269
1438
3652
2719
1908
0290
2013
0851
0239
2823
3498
1712
1086
0214
2392
1782
2900
1127
2106
0204
2335
0088
0591
1615
1153
2925
1828
3276
3293
1168
2226
0550
3169
0217
1791
0832
2553
0666
3425
1731
0013
1708
1602
2241
3712
2186
1059
3626
0143
1471
1853
1816
2448
1863
2832
3392
2731
1224
1148
1912
2727
2337
2085
2457
2961
0786
1618
3067
0967
2588
3517
1030
0857
3101
1646
2183
0642
1872
3236
2648
3257
0081
1136
2818
2108
1180
0667
2905
3288
2734
2244
0309
1397
0488
1391
1796
3608
3252
0397
1255
2165
3107
0320
1551
1191
1019
3409
2276
1949
0822
0744
3456
3153
0473
0753
3314
2188
2405
2498
2843
1902
0676
0314
0403
0869
0428
1435
1214
0647
3355
1825
2309
0364
2887
3325
0623
0274
0061
1769
1535
1351
1246
1770
3171
1130
1907
2528
2204
1349
0877
1452
1405
2056
1124
1985
0583
0817
1957
3676
0858
0060
2585
3675
2861
3089
3310
2885
2050
3592
3051
0564
2316
0114
1702
1101
2764
3702
1507
0752
1940
1477
1120
0828
0794
1367
1308
2143
2541
3014
0145
1354
2618
0950
1009
1488
0886
2776
0163
1815
0083
1372
1464
3025
1327
0962
1278
2819
1519
3716
0450
1847
1319
0365
3582
3344
0711
2589
1797
2548
3491
2700
2385
3363
3385
2839
0005
2269
0219
0190
2678
2978
3317
3435
3022
2789
0009
0483
0154
2066
2846
0482
3111
1055
3306
1181
0823
2072
1884
2382
3039
2746
1160
2092
1509
2873
2997
1411
3245
3500
3487
2021
0878
3143
2212
3495
1314
2245
0934
2753
2177
0159
0780
3131
2694
2780
3591
1028
3180
2718
0069
3231
2667
1637
0518
1385
0233
0256
0640
2134
0008
2484
3654
1229
3431
0043
1065
2435
3366
3136
2866
2493
3645
1989
2347
2469
0439
0573
2372
0898
1991
1686
1628
1958
1515
3108
1978
0429
2126
1425
0745
1334
1182
0324
2891
2845
2884
1538
3144
1726
1651
1545
3084
2536
0419
2210
3574
1304
3267
0740
0221
2580
0263
2326
0910
3309
1392
0515
1169
0814
0109
0689
2647
3588
1465
2132
2840
2711
3333
2107
0356
2690
1906
2671
1774
0803
0184
2166
3057
1517
2575
1861
1468
1115
3224
1279
1915
2320
0763
2266
1403
3300
0371
2606
1091
2055
1422
2179
2411
0815
2994
2505
0772
2991
0170
2230
2240
0686
2595
2519
0374
2391
3260
2945
0360
3612
2857
0683
3345
2424
1610
0271
2757
3581
0562
0426
3036
2434
2929
0180
3321
2334
2308
1754
2689
0567
3294
0294
2478
0350
1198
2271
0456
2307
3303
2336
0417
1994
1619
1216
2036
3382
0222
1753
2788
1564
3114
1956
3179
2425
0336
0746
2856
0098
1015
3207
0835
0447
1475
2363
3715
3481
1490
3418
2634
3285
0819
2890
0478
0534
2608
1092
0076
0000
0939
0876
2739
0303
0175
2258
2450
0344
3558
0581
3549
0073
1074
1365
2805
1979
1818
0730
3484
1170
3049
3024
2607
3397
0212
3446
1823
2895
0458
3268
0185
0855
0383
1463
0561
0600
3028
3658
1264
2612
0931
0415
0138
2136
2089
2859
0779
1033
3503
2054
0568
2349
2735
2904
2145
3019
1715
2467
0295
3227
0782
2888
3170
2517
3718
0687
0969
2759
0305
0299
3176
3350
0464
0783
0385
0879
3050
3298
1361
2717
2561
2040
2629
0619
3383
0657
0678
3530
2662
2117
3623
2573
0826
1449
1332
2702
2454
1620
2082
0387
2170
3707
2432
3118
3138
2747
2908
1443
2967
1777
3296
3488
0197
0153
1668
2456
1630
3320
1004
1386
1601
2172
0096
2946
3621
0707
0401
2877
0956
2996
1787
0927
3187
0663
1534
2176
1648
3168
3042
0856
3324
0586
1497
1254
1499
1119
0935
0243
2356
3527
2983
3440
0615
1720
2474
3282
2046
2936
3264
0528
0253
0248
3004
1675
2784
2977
1748
0345
0554
2752
1814
0404
3510
3685
1100
2481
1860
2491
3414
2696
2650
2193
2492
3213
3648
1596
1880
1356
0192
1061
2778
3506
0911
2124
1410
2030
1135
2229
2750
1640
1300
3280
2933
0467
1789
0323
3335
3094
1771
0349
1962
1988
1759
1740
1482
2388
1079
2390
3416
1226
0639
2610
1563
2613
2358
2377
3404
3352
3451
3553
0725
0999
3223
0126
2464
1706
0929
0322
2917
0626
0317
1439
3604
2722
3209
3132
2452
1965
1544
2520
1548
2462
0874
0375
1047
1244
0863
2198
2470
0181
0359
2962
2959
0735
2579
1480
2125
2113
2408
2545
2878
1899
1933
2725
3622
3234
2255
3624
3601
0440
1469
1661
2592
0367
0605
0669
0318
0635
0034
3597
0499
3204
0391
3449
0158
1735
0469
1470
3358
1415
1075
2048
2442
0750
3188
1387
2090
2101
1800
0251
1296
0491
1095
0128
0127
1883
3323
1718
1780
2547
2451
0193
0659
0881
1201
0530
2708
0966
1575
1097
0378
1898
0333
2262
2736
0414
0734
2453
0968
1348
1283
2951
1128
0310
1188
2507
3444
1407
1253
3620
1959
0058
2440
1743
1248
0225
1070
3031
0546
3637
0079
2394
0340
0357
1087
2409
2871
1653
0121
3130
2567
0259
1228
0037
2508
3086
1984
1328
2009
0328
1423
1752
0390
1896
2373
3499
2306
2522
0291
2526
1710
2420
1197
1963
3548
1649
1893
1638
1235
0825
1103
2217
1670
1685
2745
1921
1396
2443
2026
0087
2280
0543
2360
0852
3373
2826
0959
1274
1520
3717
1579
2965
2941
1657
0597
3043
0896
2080
1179
0430
2770
0871
0244
1010
2436
2621
1467
2898
0411
2765
0423
2920
3211
1227
0888
1193
3023
0768
2059
1051
0252
2224
0056
2215
0022
1026
2323
0267
0505
0545
1812
1164
2560
1114
0953
0399
0512
3387
1046
3221
0001
2569
0532
0107
3693
0627
1560
1924
0964
1728
3372
1867
2039
3365
2131
2775
1541
1888
1371
2636
0697
1941
2114
2044
0590
3540
2894
3219
2283
3688
0026
1390
3390
0767
3342
1586
0830
0288
0091
2707
0500
1000
1052
2987
3644
1707
1557
3609
0115
0791
2714
0427
3048
1608
1350
3308
0726
2754
1165
1249
1688
1612
2067
0552
0800
0496
1503
1659
2651
1362
1876
3167
1379
0764
0672
2029
2329
3699
0040
0080
0313
2181
1843
0002
1831
2253
2206
3627
0144
0134
2558
1317
2566
0811
2749
1599
3251
2416
3571
3371
3055
2511
2557
0194
1995
0300
0330
1691
3448
1491
0685
1178
0425
3106
0738
0335
0400
2156
3226
3711
2723
2590
2799
0947
1832
3239
1672
1523
2231
2137
3694
3146
3062
0629
1627
0055
2741
1977
1080
1282
2274
2897
3327
2404
2031
1325
3586
2139
1339
1017
0237
2088
0490
1243
1203
2910
1588
0228
2338
2656
2854
3007
3196
0727
0977
3653
3368
3172
2297
0504
0537
0207
2427
3021
0372
0643
1922
2471
1666
1088
1157
1450
3389
0041
2510
3589
2074
2748
0587
2814
0765
3045
1980
0042
1581
2600
0714
0177
0342
2831
2822
2064
1241
2237
0648
3560
1821
1210
0179
3305
1144
3122
2771
2730
1444
1713
2142
0054
1845
2582
0789
0801
3200
0053
2292
0406
3570
0776
0368
3662
3052
0516
1622
0909
2763
1590
1459
3618
0813
1801
1442
1221
3020
0029
0540
1259
3151
2190
0050
2927
0914
1569
0382
1368
1626
0644
0176
0899
2572
2213
0742
1043
2115
3083
0166
3104
2934
0946
3583
0770
0664
3430
2970
0859
0818
0463
2330
0993
3218
2801
2729
3124
0332
1250
0652
0912
2123
2720
2487
2315
2622
1783
2529
3594
3606
1617
3547
0021
1699
3415
3006
3286
2341
0389
2162
2751
1206
1592
2233
0245
2824
2835
0604
2860
1284
2660
2809
1887
3266
2515
0563
2182
1826
2706
1333
2296
2601
2645
2795
2935
1974
0889
0444
2755
3272
2903
0229
1412
1309
0224
1687
0556
2060
3639
2699
2597
2291
2798
3017
0875
0046
3165
0312
1208
0199
2490
0227
0721
1352
1303
2264
2374
1476
2937
2578
2419
0460
1613
0717
1606
3215
0068
0084
1598
1098
0527
0774
1647
3587
2149
0920
0971
2676
1795
3354
3713
1126
2006
0620
2870
2248
0951
2692
3636
1546
3640
2876
1920
3680
2663
1779
2930
2907
2958
1147
3537
0720
2278
0576
2773
2928
1375
3379
0702
2810
2273
1453
3684
1913
2288
3287
3643
3611
1014
1363
1116
0480
3544
2058
0653
1803
0258
0476
1931
0790
3561
1705
2635
3599
0606
0016
1402
1145
2321
3585
3521
0242
0441
3421
2593
2766
1536
0529
0113
3206
3256
1547
2016
0045
1678
1946
1543
0849
2646
3217
2357
3714
0958
2591
1440
3075
3258
0836
1068
3160
1824
3064
2304
0810
0032
0004
3665
2178
0038
1416
2344
0412
2980
2628
1658
2794
3329
3651
1711
2160
3337
2496
0139
2738
3343
1751
1330
3505
2227
3469
1886
2837
3536
2127
0841
0019
1918
0718
3044
3479
2282
1909
1389
1343
1773
0178
2915
1393
1460
1858
2521
0249
1669
0218
0691
1037
1833
2232
0547
2475
1624
0708
3318
3579
1654
2633
0089
3134
1105
0023
0095
0416
3198
0987
0057
2596
3663
2926
2924
1798
1223
1212
2733
0654
3690
2284
3273
1078
1048
1671
2122
0508
1430
1944
0646
2516
0120
3263
2807
1567
2290
0286
2286
2410
0407
0812
2032
2556
2881
3472
2444
2632
2744
0152
2531
0973
1429
0111
3689
0142
0187
1701
1716
2726
1315
3492
0388
2061
2004
1516
2762
3201
1478
1038
0351
0315
1331
2609
0307
1099
2164
3432
3099
0489
1322
2549
3567
1158
1709
1529
3701
1323
3203
0373
0501
1096
2670
2445
2768
2619
0923
0409
2916
1066
2197
0432
2362
1231
2327
2353
0539
1414
0208
3659
0517
1838
2073
2003
2774
3384
2512
1268
1846
0692
0593
1432
1910
2120
2604
3046
0924
1889
0558
3235
2331
0864
0660
0688
3391
1554
2947
1312
3704
3348
0301
3182
0075
0201
1335
2118
1829
0848
2952
0525
3661
0209
2189
0028
3340
1441
3082
0437
2995
1555
2398
1937
2370
2371
3602
3710
2482
2008
2396
2855
0254
2119
2077
2703
0885
0477
0059
2423
3338
3177
1584
0894
1505
2399
1318
0334
0883
0542
3466
2623
1591
3642
1236
0903
2716
2581
0943
1694
1747
2852
3556
0675
1527
1062
1383
3441
2381
1302
0917
2093
0445
3302
2087
1108
1290
2565
2140
1663
0132
3478
1903
0578
1041
0466
0167
2449
1674
1565
1583
2332
2564
2979
3501
3468
0665
0377
1781
1295
1848
1310
2431
2537
2154
3117
3233
0788
0306
0777
0014
0151
0140
3670
3174
1205
1525
2497
3563
0346
0965
0995
2383
0260
1173
1273
0961
0625
2938
2243
2314
3066
0986
0945
0090
1433
0728
0523
0311
2112
2803
3202
3123
3008
1487
0261
2180
3149
3424
2395
1960
1234
3093
0955
3229
1894
0680
3175
1597
